# J.S. Bach 371 chorales, #5
8 1 0 0 0.75 200
14 1 0 2 8
14 1 0 2
3 1 1.5 0 1
17 1 7.459 0 1 1
1 1 13.357 8 20 0 1
1 1 13.384 10 12 0 0.5 -1 1
1 1 19.17 11 10 0 1 -1.5
1 1 24.9 1 20 0 1 -1.5
1 1 30.506 10 10 0 0.5 -1 1
1 1 36.344 4 20 0 1 -1.5 0 0 -14
1 1 36.345 11 10 0 1 -1.5
1 1 44.567 4 20 0 1 -1.5
6 1 44.568 7 6.5 50.37 11
1 1 44.568 8 10 0 0.5 -1
1 1 50.372 7 12 0 0.5 -0.5
14 1 56.185 2
1 1 59.635 5 20 0 0.5 -1.5
6 1 59.635 6.5 7 65.44 21
1 1 59.635 10 13 0 1 -1.5
1 1 65.44 6 22 0 0.5 -1
5 1 70.323 6.5 6.5 82.77 -0.75 -2 -0.5 0 0 0 0.65
1 1 71.22 7 20 0 1
6 1 71.22 12.5 12 77 11
1 1 71.22 14 10 0 0.5 -1.5
1 1 77 13 13 0 0.5 -1
1 1 82.648 7 20 0 1
1 1 82.648 12 11 0 1 -1.5
1 1 93.86 6 22 0 1 -0.5
1 1 93.86 11 10 0 1 -1.5
14 1 105.279 2
1 1 108.729 7 20 0 1
1 1 108.729 11 10 0 1 -1.5
1 1 120.176 4 20 0 1 -1.5
1 1 120.176 10 10 0 1 -1.5
1 1 132.082 7 20 0 1 0 0 0 -14
1 1 132.082 9 12 0 1 -1
1 1 140.305 5 20 0 1 -1
1 1 140.305 9 10 0 1 -1
14 1 151.774 2
1 1 154.317 8 20 0 1
1 1 154.317 10 10 0 1 -1.5
1 1 165.637 7 20 0 1
1 1 165.637 14 10 0 1 -2.5
6 1 176.957 10 9.5 182.56 21
1 1 176.957 10 20 0 0.5
1 1 176.957 14 10 0 1 -2
1 1 182.563 9 20 0 0.5 -0.5
1 1 188.169 8 20 0 1
1 1 188.169 15 10 0 1 -1.5
14 1 200 2
8 2 0 2 0.75 200
3 2 1.5
17 2 7.459 0 1
1 2 13.357 3 20 0 1 -1.5
1 2 13.384 8 10 0 1 -0.5
1 2 24.9 2 20 0 1 -1.5
1 2 24.901 7 10 0 1
1 2 36.344 1 20 0 1 -1.5
1 2 36.345 6 10 0 1 0 0 0 14
1 2 44.567 6 20 0 1 -0.5
1 2 44.568 8 10 0 1 -0.5
1 2 59.635 2 20 0 0.5 -1.5
6 2 59.635 3.5 4 65.44 21
1 2 59.635 7 10 0 1
1 2 65.44 3 20 0 0.5 -1
1 2 71.22 4 23 0 1 -1.5
1 2 71.221 6 10 0 1
1 2 82.648 3 20 0 0.5 -1
6 2 82.648 4 3.5 88.25 21
1 2 82.648 5 10 0 1
1 2 88.254 2 20 0 0.5 -1.5
5 2 92.93 1 1 110.46 -1.3964 -2 0 0 0 0 0.65
1 2 93.86 3 20 0 1 -1.5
6 2 93.861 5 4.5 99.47 11
1 2 93.861 6 10 0 0.5 -1
1 2 99.466 5 10 0 0.5 -0.5
1 2 108.729 3 20 0 0.5 -1 1 10
1 2 108.729 4 13 0 1
1 2 114.57 2 20 0 1 -1.5
1 2 120.176 3 10 0 1
1 2 126.476 1 22 0 0.5 -1 1
1 2 132.082 2 20 0 1 -1.5 0 0 14
1 2 132.083 2 10 0 1
1 2 140.305 2 20 0 0.5 -1
6 2 140.305 3 2.5 146.09 21
1 2 140.307 2 10 0 1
1 2 146.085 1 23 0 0.5 -1.5
1 2 154.317 0 20 0 0.5 -2
6 2 154.317 2 0.5 171.24 21
1 2 154.317 5 10 0 1
1 2 159.923 -1 20 0 0.5 -2.51
1 2 165.637 -2 20 0 0.5 -2.99
1 2 165.637 6 10 0 1
1 2 171.243 -3 20 0 0.5 -3.5
1 2 176.957 -2 20 0 1 -2
1 2 176.957 7 10 0 1.5 0 10
1 2 188.169 5 20 0 1 -1
1 2 193.775 8 10 0 0.5 0 1
